405240707872
697562279423
992655721626
375443271419
452924289861
230835436140
192570869887
79976869600
382897577003
502707422430
9310093139
396773851389
337242736515
882077002766
808997784277
618402053562
738239841526
97233743317
728495746444
690116505607
332709309142
38609486740
683325069093
776893101441
287229504277
964514252924
478714798529
108895784557
223354431872
284342259161
826434356626
38566197681
374968509928
178872251167
19852236175
663168025619
686147299391
514570399965
351577154759
976628618716
431720650781
730763055377
871515902723
985792955565
495276383677
648269507090
812080608093
796311277701
874801915172
162729102740
3024165628
513825219845
940556365475
221614159324
893576645129
878084918844
484024800972
252934360513
156280786628
891576476116
494161931794
892108513192
64496516776
208464099786
812871074582
6677623095
475928590228
592424283463
707414629207
661578533020
244071316565
493471873847
539006303168
79876387975
921759166141
151522060914
280430094881
810222722859
166449991355
625489749814
760235505768
321052511494
187587359860
716839097318
345634328351
693314182634
644970005313
315220904876
3295899649
667077916074
659918144746
809112667732
265423510681
383745968479
10466330882
213800192992
936274164472
862140067801
370875481419
492450283387
